{"DriveData":[[-1950.811279296875,29.6771183013916,7210.75830078125,0.5130009055137634,0.006595829501748085,-0.8583627343177795,-0.00007259700942086056,0.9999707937240601,0.007640586234629154,0.8583880662918091,-0.0038573129568248989,0.5129863619804382],[-1950.811279296875,29.6771183013916,7210.75830078125,0.5130009055137634,0.00659606046974659,-0.8583627343177795,-0.0000731932304915972,0.9999707937240601,0.007640499155968428,0.8583880662918091,-0.003856756491586566,0.5129863619804382],[-1950.811279296875,29.6771183013916,7210.75830078125,0.5130009055137634,0.006596126593649387,-0.8583627343177795,-0.00007337822171393782,0.9999707937240601,0.0076404656283557419,0.8583880662918091,-0.0038565804716199638,0.5129863619804382],[-1950.811279296875,29.67711639404297,7210.75830078125,0.5130009055137634,0.006595931481570005,-0.8583627343177795,-0.00007310536602744833,0.9999707937240601,0.007640401367098093,0.8583880662918091,-0.0038567816372960808,0.5129863619804382],[-1950.811279296875,29.677125930786134,7210.75830078125,0.5130009055137634,0.006595422048121691,-0.8583627343177795,-0.00007298639684449881,0.9999707937240601,0.007639878895133734,0.8583880662918091,-0.0038566160947084429,0.512986421585083],[-1950.8089599609376,29.67736053466797,7210.75830078125,0.5130014419555664,0.006579612847417593,-0.8583625555038452,-0.0000724203564459458,0.9999709725379944,0.007621802855283022,0.8583877682685852,-0.003847832791507244,0.5129870176315308],[-1950.79150390625,29.677505493164064,7210.74755859375,0.5130010843276978,0.0065688625909388069,-0.8583627939224243,-0.00007243561412906274,0.9999710321426392,0.007609268184751272,0.8583879470825195,-0.003841386642307043,0.5129867196083069],[-1950.74658203125,29.677812576293947,7210.72021484375,0.5130009651184082,0.0065482137724757198,-0.8583630323410034,-0.0000745725046726875,0.9999712109565735,0.007583935279399157,0.8583880066871643,-0.003826555795967579,0.5129867196083069],[-1950.65283203125,29.67999839782715,7210.66357421875,0.5129954814910889,0.006397406570613384,-0.8583674430847168,-0.00007661099516553804,0.9999725818634033,0.007407002616673708,0.858391284942627,-0.003733998630195856,0.5129818916320801],[-1950.400390625,29.680835723876954,7210.51220703125,0.5129956007003784,0.006328805349767208,-0.858367919921875,-0.00005035020876675844,0.9999730587005615,0.007342778146266937,0.8583912253379822,-0.0037235941272228958,0.5129821300506592],[-1949.9248046875,29.681989669799806,7210.22705078125,0.5129947662353516,0.006250860169529915,-0.8583689332008362,-0.000058618385082809257,0.999973714351654,0.007247029338032007,0.8583917021751404,-0.0036673720460385086,0.5129817128181458],[-1949.2135009765626,29.682767868041993,7209.8017578125,0.5129948258399963,0.006189195904880762,-0.8583694100379944,-0.0000610681381658651,0.999974250793457,0.007173728197813034,0.8583917021751404,-0.0036276665050536396,0.5129820108413696],[-1948.2529296875,29.683841705322267,7209.22802734375,0.5129926800727844,0.006112386006861925,-0.8583711981773377,-0.0000795601008576341,0.9999749660491943,0.0070731863379478458,0.8583929538726807,-0.003560200799256563,0.5129803419113159],[-1946.9693603515626,29.68500328063965,7208.4599609375,0.5129923820495606,0.006010552402585745,-0.8583720922470093,-0.00007240498962346464,0.9999758005142212,0.006958827842026949,0.858393132686615,-0.0035076753702014686,0.5129804015159607],[-1945.4298095703126,29.686349868774415,7207.5390625,0.5129923820495606,0.0058890050277113918,-0.8583729863166809,-0.00006818862311774865,0.9999767541885376,0.0068197487853467468,0.8583931922912598,-0.0034399477299302818,0.5129808187484741],[-1943.63232421875,29.68775177001953,7206.4619140625,0.5131049156188965,0.005821510683745146,-0.8583061695098877,-0.00016365307965315878,0.9999776482582092,0.006684571970254183,0.8583258986473084,-0.0032894224859774114,0.513094425201416],[-1941.503662109375,29.6907958984375,7205.15283203125,0.514595627784729,0.006020720582455397,-0.8574118614196777,-0.0008734231814742088,0.9999784827232361,0.006497614085674286,0.8574325442314148,-0.002594760386273265,0.514589786529541],[-1939.0428466796876,29.70457649230957,7203.55224609375,0.5193310976028442,0.0065927146933972839,-0.8545476794242859,-0.002403669059276581,0.9999775290489197,0.006253912579268217,0.8545697331428528,-0.0011938015231862665,0.5193352699279785],[-1936.4239501953126,29.703092575073243,7201.75439453125,0.5266304612159729,0.007198476232588291,-0.8500638604164124,-0.0030041292775422336,0.9999736547470093,0.006606822367757559,0.8500890135765076,-0.0009256521007046104,0.5266382098197937],[-1933.593505859375,29.698415756225587,7199.8125,0.5324710011482239,0.00563004519790411,-0.8464295268058777,-0.00018464442109689116,0.9999786019325256,0.006535224616527557,0.8464482426643372,-0.0033235291484743358,0.5324606895446777],[-1931.2354736328126,29.69432258605957,7198.22998046875,0.5354715585708618,0.004706796258687973,-0.8445401787757874,0.0015413496876135469,0.9999773502349854,0.006550355814397335,0.8445518612861633,-0.004809260834008455,0.5354521870613098],[-1928.8502197265626,29.69406509399414,7196.6513671875,0.5378967523574829,0.0050325882621109489,-0.8429957032203674,0.0009268562425859273,0.9999780654907227,0.006561161484569311,0.8430101871490479,-0.0043105632066726688,0.5378803014755249],[-1926.5274658203126,29.720064163208009,7195.0791015625,0.5415499210357666,0.005186861380934715,-0.840652585029602,-0.0013274755328893662,0.9999849796295166,0.0053147864528000359,0.8406675457954407,-0.0017622762825340033,0.5415486693382263],[-1924.0511474609376,29.730018615722658,7193.2890625,0.5487841963768005,0.006486484780907631,-0.8359388709068298,-0.0042112781666219238,0.9999786615371704,0.004994699265807867,0.835953414440155,0.0007793591939844191,0.5487998127937317],[-1921.6312255859376,29.7425594329834,7191.37841796875,0.5599786043167114,0.007140739355236292,-0.8284763097763062,-0.006072153337299824,0.9999713897705078,0.004514623899012804,0.8284847736358643,0.002502542221918702,0.5600059628486633],[-1919.0113525390626,29.76276397705078,7189.07275390625,0.5776858925819397,0.0073385839350521568,-0.8162261843681336,-0.0075152479112148289,0.9999650120735169,0.003671622835099697,0.8162245750427246,0.004013097379356623,0.5777208209037781],[-1916.5224609375,29.7949161529541,7186.59521484375,0.600523054599762,0.006974904797971249,-0.799576997756958,-0.008694171905517578,0.9999598264694214,0.0021931263618171217,0.7995601892471314,0.005634637083858252,0.6005595922470093],[-1914.1839599609376,29.801416397094728,7183.9638671875,0.6270651817321777,0.007688893470913172,-0.778928816318512,-0.00974488165229559,0.9999504685401917,0.0020256491843611,0.7789058089256287,0.006320355460047722,0.6271090507507324],[-1911.916259765625,29.800968170166017,7181.09521484375,0.6568061709403992,0.00851805042475462,-0.754011332988739,-0.01045696996152401,0.99994295835495,0.00218744995072484,0.7539869546890259,0.006447943393141031,0.6568577885627747],[-1909.6341552734376,29.785877227783204,7177.876953125,0.6889932155609131,0.009740572422742844,-0.7247022986412048,-0.009589388966560364,0.9999446868896484,0.004323167726397514,0.7247043251991272,0.0039708190597593788,0.6890485286712647],[-1907.5179443359376,29.746747970581056,7174.57861328125,0.7206425070762634,0.013092243112623692,-0.6931832432746887,-0.010981107130646706,0.9999117851257324,0.007469362113624811,0.6932199001312256,0.0022291794884949924,0.7207227349281311],[-1905.5072021484376,29.74892807006836,7171.05517578125,0.7526458501815796,0.014964660629630089,-0.6582554578781128,-0.013366053812205792,0.9998829364776611,0.007448481861501932,0.6582898497581482,0.003192208707332611,0.7527577877044678],[-1903.6102294921876,29.750486373901368,7167.30517578125,0.7840015292167664,0.01584303192794323,-0.6205567121505737,-0.01437406800687313,0.9998695254325867,0.007367054000496864,0.620592474937439,0.003144142683595419,0.7841269969940186],[-1901.8206787109376,29.735149383544923,7163.28564453125,0.8145435452461243,0.015882940962910653,-0.579884946346283,-0.01368422619998455,0.9998730421066284,0.008164594881236554,0.5799409747123718,0.0012848584447056056,0.81465744972229],[-1900.3526611328126,29.732685089111329,7159.4638671875,0.8411710858345032,0.014018068090081215,-0.5405873656272888,-0.011504610069096089,0.9999015927314758,0.008027089759707451,0.5406466722488403,-0.0005329092382453382,0.8412495851516724],[-1899.0626220703126,29.73009490966797,7155.5478515625,0.8662423491477966,0.012771578505635262,-0.4994608163833618,-0.01012285053730011,0.999916672706604,0.008011986501514912,0.49952152371406557,-0.0018843546276912094,0.8662994503974915],[-1897.995849609375,29.730253219604493,7151.70068359375,0.8887995481491089,0.012825212441384793,-0.45811671018600466,-0.010266605764627457,0.9999147057533264,0.008074719458818436,0.4581812024116516,-0.002473503118380904,0.8888553977012634],[-1897.14453125,29.755544662475587,7147.8681640625,0.9095889329910278,0.013686536811292172,-0.41528382897377016,-0.011941579170525074,0.9999055862426758,0.006798521149903536,0.4153376817703247,-0.0012247150298207999,0.9096664786338806],[-1896.4678955078126,29.794971466064454,7143.91357421875,0.9287293553352356,0.013924840837717057,-0.37049686908721926,-0.01306844875216484,0.9999029636383057,0.00482173589989543,0.37052807211875918,0.00036373164039105177,0.9288212060928345],[-1895.9854736328126,29.794017791748048,7139.99267578125,0.945164680480957,0.013465667143464089,-0.32631635665893557,-0.01248859241604805,0.9999090433120728,0.00508912792429328,0.3263552188873291,-0.0007348318467848003,0.9452469348907471],[-1895.68017578125,29.793275833129884,7135.97216796875,0.9597657322883606,0.012862473726272583,-0.28050723671913149,-0.011904338374733925,0.9999160170555115,0.0051193623803555969,0.280549556016922,-0.0015741351526230574,0.9598382711410523],[-1895.5596923828126,29.79337501525879,7131.52294921875,0.973274290561676,0.013326550833880902,-0.229258731007576,-0.01247682049870491,0.9999088644981384,0.005155608057975769,0.22930654883384705,-0.0021574010606855156,0.9733518362045288],[-1895.63037109375,29.75682258605957,7127.3017578125,0.9832565188407898,0.013402067124843598,-0.18173329532146455,-0.012332032434642315,0.9998993277549744,0.007016692776232958,0.18180903792381288,-0.004658068530261517,0.98332279920578],[-1896.0513916015626,29.8741512298584,7122.90234375,0.9919485449790955,0.008432134054601193,-0.12636032700538636,-0.008439860306680203,0.9999642968177795,0.0004742374294437468,0.12635980546474458,0.0005960444104857743,0.9919843077659607],[-1896.8033447265626,29.930234909057618,7118.66259765625,0.9969979524612427,-0.022135168313980104,-0.07419612258672714,0.021818287670612336,0.9997490644454956,-0.005078773479908705,0.07428991794586182,0.0034446946810930969,0.9972307085990906],[-1897.721923828125,29.937620162963868,7114.3662109375,0.9992233514785767,-0.034277234226465228,-0.019436780363321306,0.03415532410144806,0.999394953250885,-0.006570029072463512,0.01965022273361683,0.00590105727314949,0.9997894763946533],[-1898.749755859375,29.941923141479493,7109.99951171875,0.9989671111106873,-0.03076895698904991,0.033435672521591189,0.031001728028059007,0.9994984269142151,-0.006465652026236057,-0.03321996331214905,0.007495537865906954,0.9994199275970459],[-1900.0494384765626,29.955188751220704,7105.40576171875,0.9957874417304993,-0.015131992287933827,0.09043420106172562,0.015709349885582925,0.9998604655265808,-0.005675858352333307,-0.09033569693565369,0.007072610780596733,0.9958862662315369],[-1901.492431640625,30.168848037719728,7100.78857421875,0.9896286725997925,0.010061894543468953,0.1432965248823166,-0.008068216033279896,0.9998624920845032,-0.014487255364656449,-0.14342258870601655,0.01318085566163063,0.9895737767219544],[-1903.2216796875,30.173587799072267,7096.0947265625,0.980241596698761,0.029950762167572976,0.195523202419281,-0.028018828481435777,0.9995274543762207,-0.012639865279197693,-0.19580939412117005,0.006911791395395994,0.9806176424026489],[-1905.465087890625,30.13874626159668,7091.52734375,0.9706740379333496,0.002346643013879657,0.24038814008235932,-0.002690455876290798,0.999995768070221,0.0011020621750503779,-0.2403845340013504,-0.001716496772132814,0.9706762433052063],[-1908.163330078125,30.088651657104493,7086.9150390625,0.9541177153587341,-0.03768093138933182,0.2970513105392456,0.039606161415576938,0.9992152452468872,-0.0004631556221283972,-0.29680076241493227,0.012206966988742352,0.9548614025115967],[-1910.6558837890626,30.08002281188965,7082.80078125,0.9373800158500671,-0.045069996267557147,0.34538015723228457,0.04754834994673729,0.9988681077957153,0.0012974357232451439,-0.3450476825237274,0.015206065960228444,0.93846195936203],[-1913.38232421875,30.088027954101564,7078.58251953125,0.9178880453109741,-0.03402486816048622,0.39537811279296877,0.03658837452530861,0.9993298649787903,0.001057304092682898,-0.3951491415500641,0.013495756313204766,0.9185178279876709],[-1916.417724609375,30.078006744384767,7074.4482421875,0.8945211172103882,-0.023355599492788316,0.44641512632369997,0.024902554228901864,0.9996870160102844,0.002402310026809573,-0.4463315010070801,0.008967960253357888,0.8948227763175964],[-1919.685302734375,29.907482147216798,7070.86962890625,0.8669946193695068,-0.04217560961842537,0.4965294897556305,0.043451156467199329,0.9990151524543762,0.008986681699752808,-0.4964194893836975,0.013783375732600689,0.8679733276367188],[-1923.1805419921876,29.909717559814454,7067.4365234375,0.837513267993927,-0.06468139588832855,0.5425751805305481,0.0734473466873169,0.9972838163375855,0.005515528842806816,-0.541458249092102,0.03523137792944908,0.8399891257286072],[-1926.6331787109376,29.86152458190918,7064.16845703125,0.8087780475616455,-0.07045435905456543,0.5838786363601685,0.0815863385796547,0.9966399073600769,0.007248736917972565,-0.582427442073822,0.041773900389671329,0.8118085861206055],[-1929.9766845703126,29.739023208618165,7061.0146484375,0.7820867896080017,-0.055257704108953479,0.6207147836685181,0.05751047655940056,0.9982101917266846,0.016401439905166627,-0.6205101013183594,0.022870251908898355,0.7838649153709412],[-1933.138916015625,29.704700469970704,7058.28662109375,0.7549765110015869,-0.033524464815855029,0.6548942923545837,0.02532150223851204,0.9994378685951233,0.02197069488465786,-0.6552627682685852,-0.000004450957476365147,0.7554010152816773],[-1936.5484619140626,29.796314239501954,7055.88623046875,0.7228807210922241,-0.02647434175014496,0.69046550989151,0.018575459718704225,0.999649167060852,0.018881771713495256,-0.6907231211662293,-0.0008235547575168312,0.7231188416481018],[-1939.8226318359376,29.85940933227539,7053.82080078125,0.6925268769264221,-0.027863692492246629,0.7208537459373474,0.026173468679189683,0.999566376209259,0.013492029160261155,-0.7209171056747437,0.00952365156263113,0.6929558515548706],[-1943.0150146484376,30.077960968017579,7051.94873046875,0.6598420143127441,-0.00973466970026493,0.7513413429260254,0.013316255062818528,0.9999105334281921,0.0012606453383341432,-0.7512863874435425,0.009173225611448288,0.6599125862121582],[-1946.19482421875,30.25772476196289,7050.27734375,0.6253154277801514,0.008553809486329556,0.780325174331665,-0.0004963933606632054,0.9999440908432007,-0.01056345272809267,-0.780371904373169,0.0062181418761610989,0.625284731388092],[-1949.4698486328126,30.473630905151368,7048.630859375,0.585288941860199,0.04410271719098091,0.8096244931221008,-0.035419609397649768,0.9989571571350098,-0.028810909017920495,-0.8100507855415344,-0.011813875287771225,0.5862407088279724],[-1952.9404296875,30.67474365234375,7047.21826171875,0.5465272665023804,0.05810725688934326,0.835422933101654,-0.048158347606658939,0.9981197118759155,-0.03791869431734085,-0.8360554575920105,-0.01950898952782154,0.5482979416847229],[-1956.6884765625,30.836435317993165,7046.03271484375,0.5062328577041626,0.0588080994784832,0.8603894114494324,-0.036580584943294528,0.9982386231422424,-0.04670701548457146,-0.8616206645965576,-0.007828922010958195,0.5074924230575562],[-1960.4989013671876,31.03888702392578,7044.9482421875,0.4631749391555786,0.06072968989610672,0.8841837048530579,-0.03511819615960121,0.9981236457824707,-0.05015910789370537,-0.8855708241462708,-0.007818495854735375,0.4644385874271393],[-1964.6385498046876,31.335615158081056,7043.8876953125,0.41663122177124026,0.06502818316221237,0.9067468047142029,-0.04975181445479393,0.9975744485855103,-0.04868205264210701,-0.9077131748199463,-0.024829832836985589,0.4188559353351593],[-1968.9710693359376,31.64647674560547,7043.02587890625,0.3684123754501343,0.06740447878837586,0.9272156953811646,-0.05769727751612663,0.997103214263916,-0.049560025334358218,-0.9278703331947327,-0.03523929417133331,0.3712342083454132],[-1973.3016357421876,31.981618881225587,7042.4013671875,0.32065659761428835,0.07113350927829743,0.9445207118988037,-0.06286412477493286,0.9965757131576538,-0.053712036460638049,-0.945107102394104,-0.04215334728360176,0.3240303099155426],[-1977.9622802734376,32.38592529296875,7041.99755859375,0.26912662386894228,0.07544652372598648,0.960145115852356,-0.06329256296157837,0.9961573481559753,-0.06053553521633148,-0.9610228538513184,-0.04447832703590393,0.2728676497936249],[-1982.5950927734376,32.802127838134769,7041.8671875,0.2181641310453415,0.0791277065873146,0.9726989269256592,-0.05796065554022789,0.9959986805915833,-0.06802326440811157,-0.9741894006729126,-0.04153802990913391,0.22187747061252595],[-1987.5665283203126,33.249786376953128,7041.9775390625,0.16386626660823823,0.08328685909509659,0.9829604029655457,-0.051815010607242587,0.9957807660102844,-0.07573521882295609,-0.9851208329200745,-0.038521658629179,0.1674903929233551],[-1992.682861328125,33.73212432861328,7042.32666015625,0.10767465084791184,0.08636225014925003,0.9904280304908752,-0.04921378940343857,0.9954615831375122,-0.08145087212324143,-0.9929673671722412,-0.03997252136468887,0.11143618822097779],[-1997.9139404296876,34.257781982421878,7042.9072265625,0.049812473356723788,0.08836456388235092,0.9948419332504273,-0.05683014541864395,0.9947153925895691,-0.08550780266523361,-0.9971404671669006,-0.05227765440940857,0.0545710064470768],[-2003.029296875,34.777854919433597,7043.7783203125,-0.0052148159593343739,0.0869942381978035,0.9961951375007629,-0.058900848031044009,0.9944523572921753,-0.08715037256479263,-0.9982502460479736,-0.059131212532520297,-0.0000618519916315563],[-2008.3973388671876,35.32305145263672,7045.04736328125,-0.06208214908838272,0.08562131226062775,0.994391679763794,-0.05137305706739426,0.9947186708450317,-0.08885680884122849,-0.9967480301856995,-0.05660136044025421,-0.057355646044015887],[-2013.788818359375,35.87617492675781,7046.64697265625,-0.11870703846216202,0.08465074002742768,0.9893143773078919,-0.041639793664216998,0.9950583577156067,-0.09013855457305908,-0.9920558333396912,-0.05189492553472519,-0.11459559947252274],[-2018.75927734375,36.402015686035159,7048.400390625,-0.1712481677532196,0.08378247916698456,0.9816591143608093,-0.03542475029826164,0.9952097535133362,-0.09111876785755158,-0.9845908284187317,-0.0503789484500885,-0.1674598753452301],[-2024.1097412109376,36.99576187133789,7050.60498046875,-0.2275814712047577,0.08288554847240448,0.9702250361442566,-0.030451348051428796,0.9952777028083801,-0.09216861426830292,-0.9732828140258789,-0.050520528107881549,-0.2239827811717987],[-2029.22607421875,37.51103210449219,7053.001953125,-0.2769697308540344,0.0821007490158081,0.9573647379875183,-0.018684184178709985,0.9956944584846497,-0.09079320728778839,-0.9606969952583313,-0.04303454980254173,-0.27424323558807375],[-2034.4935302734376,37.959022521972659,7055.771484375,-0.32138705253601076,0.08433828502893448,0.9431847333908081,0.008879079483449459,0.996250569820404,-0.08605784922838211,-0.9469062685966492,-0.019283268600702287,-0.3209308981895447],[-2039.8350830078126,38.401458740234378,7058.552734375,-0.35069695115089419,0.08991183340549469,0.9321628212928772,0.04011726379394531,0.9959090352058411,-0.08096762001514435,-0.9356293082237244,0.00900072418153286,-0.35286927223205569],[-2045.364013671875,38.72468948364258,7061.14794921875,-0.36682939529418948,0.08260277658700943,0.9266136884689331,0.053137924522161487,0.9962844252586365,-0.06777722388505936,-0.9287693500518799,0.02437565289437771,-0.36985573172569277],[-2050.88427734375,38.96040725708008,7063.412109375,-0.36887186765670779,0.06954922527074814,0.926874577999115,0.05397913604974747,0.9971165060997009,-0.05333763360977173,-0.9279115200042725,0.030357137322425844,-0.3715624213218689],[-2056.784912109375,39.20392608642578,7065.572265625,-0.36080461740493777,0.06189296767115593,0.9305854439735413,0.05442016199231148,0.9974926114082336,-0.0452432706952095,-0.9310523271560669,0.034318629652261737,-0.3632681667804718],[-2062.551513671875,39.354736328125,7067.49267578125,-0.33622583746910097,0.04808451235294342,0.9405530691146851,0.07976964116096497,0.9965608716011047,-0.02243204601109028,-0.9383970499038696,0.06748534739017487,-0.3389052152633667],[-2068.683837890625,39.362205505371097,7069.1865234375,-0.3035230040550232,0.047811541706323627,0.951623797416687,0.12263740599155426,0.9923933744430542,-0.01074435655027628,-0.9448988437652588,0.1134435161948204,-0.30707767605781557],[-2074.782958984375,39.342350006103519,7070.318359375,-0.2662542760372162,0.03830500692129135,0.9631414413452148,0.13614481687545777,0.990687370300293,-0.0017641761805862189,-0.9542396068572998,0.13065698742866517,-0.26898977160453799],[-2080.977783203125,39.30108642578125,7070.91455078125,-0.22551104426383973,0.013869448564946652,0.9741418957710266,0.1144823357462883,0.9933484196662903,0.012359428219497204,-0.9674908518791199,0.11430922150611878,-0.22559884190559388],[-2087.46484375,39.30388259887695,7071.01708984375,-0.17596423625946046,-0.011823869310319424,0.9843255281448364,0.06560341268777847,0.9975640177726746,0.023710571229457856,-0.9822081327438355,0.06874732673168183,-0.1747599095106125],[-2093.317138671875,39.45722579956055,7070.80810546875,-0.1128845289349556,-0.014150387607514859,0.9935073256492615,0.046107467263936999,0.9987468719482422,0.01946384645998478,-0.9925377368927002,0.048005275428295138,-0.11209063231945038],[-2098.714111328125,39.36916732788086,7070.48291015625,-0.05383152514696121,-0.007338754832744598,0.9985230565071106,0.07703456282615662,0.996962308883667,0.011480306275188923,-0.9955741167068481,0.07753879576921463,-0.05310266464948654],[-2104.16455078125,39.341461181640628,7069.841796875,-0.0011749197728931904,-0.014116097241640091,0.999899685382843,0.11611516028642655,0.9931348562240601,0.014157034456729889,-0.9932350516319275,0.11612014472484589,0.0004722390731330961],[-2109.421630859375,39.4278564453125,7068.55908203125,0.050931598991155627,-0.015044123865664006,0.9985888004302979,0.09366828948259354,0.9955509901046753,0.01022094115614891,-0.9942998886108398,0.09301553666591644,0.05211415886878967],[-2114.318115234375,39.5902099609375,7066.80322265625,0.10007570683956146,-0.0014292077394202352,0.9949787855148315,0.024294961243867875,0.9997043013572693,-0.001007609418593347,-0.9946831464767456,0.024273807182908059,0.10008084028959274],[-2119.45458984375,39.65226745605469,7064.97021484375,0.1522599458694458,0.0005794535391032696,0.9883403182029724,-0.005336813163012266,0.9999857544898987,0.00023588797193951905,-0.9883260726928711,-0.005310503765940666,0.15226086974143983],[-2124.240478515625,39.62960433959961,7063.23291015625,0.20174378156661988,-0.004102356731891632,0.9794297218322754,0.013732220977544785,0.9999048113822937,0.0013595421332865954,-0.9793420433998108,0.01317546609789133,0.20178090035915376],[-2129.784912109375,39.63957977294922,7060.84716796875,0.26074013113975527,-0.010704638436436654,0.9653496742248535,0.03742194175720215,0.9992991089820862,0.0009734638151712716,-0.964683473110199,0.035871438682079318,0.2609579563140869],[-2134.824951171875,39.67314147949219,7058.14404296875,0.3172917664051056,-0.013699214905500412,0.9482290148735046,0.03800954297184944,0.9992759227752686,0.0017181293806061149,-0.9475659132003784,0.035496603697538379,0.31758272647857668],[-2139.383544921875,39.680625915527347,7055.291015625,0.3689150810241699,-0.014048953540623188,0.9293569326400757,0.028277643024921418,0.9995925426483154,0.0038856773171573879,-0.9290328621864319,0.02484653703868389,0.36916202306747439],[-2144.03955078125,39.7033576965332,7052.02001953125,0.42144203186035159,-0.012329770252108574,0.9067715406417847,0.018169358372688295,0.999821662902832,0.005150404293090105,-0.9066733121871948,0.014304859563708306,0.4215908944606781],[-2148.775390625,39.71308898925781,7048.3193359375,0.4749395251274109,-0.011536498554050923,0.8799428343772888,0.013170598074793816,0.9998952746391296,0.0060004498809576038,-0.8799198865890503,0.008739521726965905,0.4750417172908783],[-2153.21728515625,39.70963668823242,7044.48291015625,0.5249857902526856,-0.013167348690330983,0.8510091304779053,0.015414358116686345,0.9998634457588196,0.005961430259048939,-0.8509714007377625,0.009988092817366124,0.525117039680481],[-2157.683349609375,39.70367431640625,7040.1748046875,0.5753228664398193,-0.016189640387892724,0.8177661895751953,0.019734155386686326,0.9997878074645996,0.005909627303481102,-0.8176882863044739,0.012737981043756009,0.5755202770233154],[-2161.792236328125,39.70187759399414,7035.7109375,0.6219865083694458,-0.01798509620130062,0.7828213572502136,0.021465448662638665,0.9997521042823792,0.005913758650422096,-0.782733678817749,0.013125333935022354,0.6222183704376221],[-2165.8486328125,39.703338623046878,7030.7451171875,0.6684725284576416,-0.018523676320910455,0.743506133556366,0.021122261881828309,0.9997593760490418,0.0059173256158828739,-0.7434368133544922,0.011748961172997952,0.6687029600143433],[-2169.663330078125,39.703758239746097,7025.46484375,0.7126762270927429,-0.01880558952689171,0.7012410163879395,0.020415257662534715,0.9997732043266296,0.006063331384211779,-0.701196014881134,0.009994824416935444,0.7128984928131104],[-2173.219482421875,39.70541000366211,7019.88671875,0.7543027400970459,-0.01946941204369068,0.6562380194664002,0.020526662468910219,0.9997708797454834,0.006067363079637289,-0.6562058329582214,0.008893747813999653,0.7545295357704163],[-2176.3662109375,39.702552795410159,7014.255859375,0.7917703986167908,-0.020639309659600259,0.6104700565338135,0.021231716498732568,0.9997549653053284,0.006263384595513344,-0.6104497313499451,0.008002163842320443,0.7920145988464356],[-2179.246826171875,39.68511962890625,7008.28466796875,0.8272561430931091,-0.021277379244565965,0.5614218711853027,0.020780213177204133,0.9997576475143433,0.007270222529768944,-0.5614404678344727,0.005652130115777254,0.8274977803230286],[-2181.697265625,39.686195373535159,7002.3076171875,0.8589207530021668,-0.020479122176766397,0.511698842048645,0.019472554326057435,0.9997835159301758,0.007327177096158266,-0.5117381811141968,0.0036706198006868364,0.8591336011886597],[-2183.734619140625,39.68796157836914,6996.34521484375,0.88719642162323,-0.01997712068259716,0.46095922589302065,0.01870740018785,0.9997981786727905,0.007323747035115957,-0.46101251244544985,0.0021257472690194847,0.8873910903930664],[-2185.391357421875,39.71122360229492,6990.43310546875,0.9116280674934387,-0.018232226371765138,0.41061151027679446,0.01715019904077053,0.9998329281806946,0.006318817846477032,-0.4106581211090088,0.0012816566741093994,0.9117885231971741],[-2186.68017578125,39.73044967651367,6984.70458984375,0.9321697950363159,-0.017589839175343515,0.3615938127040863,0.016803067177534105,0.9998446702957153,0.005320321302860975,-0.36163121461868288,0.00111644237767905,0.9323205351829529],[-2187.707763671875,39.729061126708987,6978.5927734375,0.9510977864265442,-0.01918472908437252,0.3082936108112335,0.018459046259522439,0.9998157024383545,0.0052704159170389179,-0.30833789706230166,0.0006781251286156476,0.9512766599655151],[-2188.374267578125,39.72823715209961,6972.58837890625,0.9666038751602173,-0.020211100578308107,0.2554769814014435,0.019520726054906846,0.9997957348823547,0.005237902514636517,-0.2555306553840637,-0.0000758807291276753,0.9668009281158447],[-2188.70751953125,39.727352142333987,6966.4736328125,0.9793503880500794,-0.02046682871878147,0.20113173127174378,0.019804928451776506,0.9997897744178772,0.005302800796926022,-0.20119798183441163,-0.0012099002487957478,0.9795498251914978],[-2188.703857421875,39.728843688964847,6960.26904296875,0.9890998601913452,-0.020343290641903878,0.14583401381969453,0.019779281690716745,0.9997902512550354,0.005316584371030331,-0.1459115892648697,-0.0023741410113871099,0.9892947673797607],[-2188.358642578125,39.733856201171878,6953.74462890625,0.9958490133285523,-0.019167860969901086,0.08897954225540161,0.01878475397825241,0.9998103380203247,0.005141036119312048,-0.0890612080693245,-0.0034482369665056469,0.9960201978683472],[-2187.80126953125,39.7413330078125,6947.1650390625,0.9991075992584229,-0.013765682466328144,0.03993150219321251,0.013568837195634842,0.9998944401741028,0.005196419078856707,-0.039998818188905719,-0.00464995764195919,0.9991888999938965],[-2187.25732421875,39.754241943359378,6940.7880859375,0.9999645352363586,-0.005045522935688496,0.006744773592799902,0.005010232329368591,0.999973714351654,0.005238999612629414,-0.006771029904484749,-0.0052050212398171429,0.9999635219573975],[-2186.8134765625,39.769371032714847,6934.0888671875,0.9999139904975891,0.0017808477859944106,-0.012991969473659993,-0.001716694561764598,0.9999862909317017,0.004947402514517307,0.013000601902604103,-0.0049246735870838169,0.9999033808708191],[-2186.4794921875,39.769134521484378,6927.3095703125,0.9997169971466065,0.0017518228851258755,-0.023725206032395364,-0.0016370665980502964,0.9999868869781494,0.0048554521054029469,0.02373339980840683,-0.004815238062292337,0.9997067451477051],[-2186.233642578125,39.760658264160159,6920.97412109375,0.9995996952056885,0.00010840573668247089,-0.028292790055274965,0.00003393875158508308,0.9999873638153076,0.0050305938348174099,0.028292978182435037,-0.005029540043324232,0.9995869994163513],[-2186.06689453125,39.76091003417969,6914.02880859375,0.999652087688446,0.002076406730338931,-0.02629375457763672,-0.0019429551903158427,0.9999850988388062,0.005099938251078129,0.026303952559828759,-0.005047076381742954,0.9996412396430969],[-2186.0888671875,39.7696647644043,6907.00244140625,0.9998499155044556,0.007371840067207813,-0.015678243711590768,-0.007293870206922293,0.9999607801437378,0.005024525336921215,0.015714669600129129,-0.0049094161950051788,0.9998644590377808],[-2186.385498046875,39.780967712402347,6899.90283203125,0.9999169111251831,0.012348944321274758,0.0037042535841464998,-0.012366740964353085,0.999911904335022,0.004820737522095442,-0.003644396085292101,-0.004866146016865969,0.9999815225601196],[-2186.87744140625,39.7809944152832,6892.7197265625,0.9996743202209473,0.01001244317740202,0.023474544286727907,-0.01012482214719057,0.9999378323554993,0.004673324525356293,-0.023426294326782228,-0.00490947812795639,0.9997135400772095],[-2187.3603515625,39.76518249511719,6885.716796875,0.9993715882301331,0.0019834504928439857,0.0353914238512516,-0.002149957697838545,0.9999867677688599,0.004667298402637243,-0.03538170084357262,-0.004740455187857151,0.9993626475334168],[-2187.787353515625,39.754249572753909,6878.61572265625,0.9991187453269959,-0.0026363132055848839,0.04188958555459976,0.002440143609419465,0.9999858140945435,0.004733454901725054,-0.041901472955942157,-0.0046270666643977169,0.9991110563278198],[-2188.18017578125,39.75288772583008,6871.13232421875,0.9989629983901978,-0.0016217408701777459,0.04550036042928696,0.0014045172138139606,0.9999874830245972,0.004805672913789749,-0.045507583767175677,-0.004736782982945442,0.9989527463912964],[-2188.5439453125,39.75425720214844,6863.84716796875,0.9988725781440735,0.0007496614125557244,0.04746615141630173,-0.000981135992333293,0.9999877214431763,0.004853514954447746,-0.04746193438768387,-0.004894613288342953,0.9988610744476318],[-2188.984375,39.75713348388672,6856.18701171875,0.9986644387245178,0.003491296898573637,0.05154711753129959,-0.0037491240072995426,0.9999809265136719,0.004905927460640669,-0.05152900889515877,-0.00509263202548027,0.9986585378646851],[-2189.563232421875,39.76315689086914,6848.75341796875,0.9981098175048828,0.006921844556927681,0.06106453388929367,-0.007230993825942278,0.9999621510505676,0.00484313303604722,-0.06102869659662247,-0.005275535862892866,0.9981220960617065],[-2190.4208984375,39.77535629272461,6840.97509765625,0.996827244758606,0.011292940936982632,0.07879064977169037,-0.011689200066030026,0.9999212622642517,0.0045698583126068119,-0.07873283326625824,-0.005476358812302351,0.9968807101249695],[-2191.582763671875,39.78178787231445,6833.15625,0.9946132898330689,0.013623049482703209,0.10275622457265854,-0.014160995371639729,0.9998895525932312,0.004507450852543116,-0.10268346965312958,-0.005938300862908363,0.9946963787078857],[-2192.882568359375,39.76382827758789,6825.40576171875,0.9924262166023254,0.008091897703707219,0.12257562577724457,-0.008766000159084797,0.9999492764472961,0.00496118888258934,-0.12252926826477051,-0.005998111795634031,0.992446780204773],[-2194.12255859375,39.74639129638672,6817.8115234375,0.9910968542098999,-0.0009520388557575643,0.13313937187194825,0.0002851889585144818,0.9999873042106628,0.005027640610933304,-0.13314247131347657,-0.004944908898323774,0.9910845756530762],[-2195.266357421875,39.73844528198242,6810.36669921875,0.9903562664985657,-0.003924177959561348,0.13848833739757539,0.003248712280765176,0.999981701374054,0.005103126168251038,-0.13850583136081696,-0.004604004323482513,0.9903509020805359],[-2196.2978515625,39.74116516113281,6803.35009765625,0.9899888038635254,-0.0018586150836199523,0.14113378524780274,0.0011572751682251692,0.9999865889549255,0.005051239859312773,-0.14114128053188325,-0.004837340209633112,0.9899776577949524],[-2197.350830078125,39.74480438232422,6796.1171875,0.9897838234901428,0.000480347138363868,0.14257527887821198,-0.0011916105868294836,0.9999872446060181,0.004903345834463835,-0.1425711065530777,-0.005023146513849497,0.989771842956543],[-2198.3779296875,39.743186950683597,6789.095703125,0.989674985408783,0.0007763384492136538,0.14332768321037293,-0.0014962154673412443,0.9999868273735046,0.004914883524179459,-0.14332197606563569,-0.005078586284071207,0.9896630644798279],[-2199.494140625,39.74215316772461,6781.72998046875,0.9893401861190796,0.0011476526269689203,0.14561821520328523,-0.001901988172903657,0.9999854564666748,0.0050411103293299679,-0.14561030268669129,-0.005264337174594402,0.9893280267715454],[-2200.735595703125,39.746639251708987,6774.31884765625,0.9882619976997376,0.0036336735356599094,0.1527254432439804,-0.004453329835087061,0.9999774694442749,0.005025126039981842,-0.15270373225212098,-0.0056462776847183708,0.9882558584213257],[-2201.996337890625,39.74444580078125,6767.13134765625,0.9872896075248718,0.003032904816791415,0.15890271961688996,-0.0038760395254939796,0.9999800324440002,0.004996322561055422,-0.15888439118862153,-0.005548730492591858,0.9872816205024719],[-2203.312255859375,39.73734664916992,6759.57568359375,0.9867333173751831,-0.000047342175093945119,0.16234950721263886,-0.0007728273048996925,0.9999872446060181,0.004988718777894974,-0.162347674369812,-0.005048003047704697,0.9867206811904907],[-2204.570068359375,39.73322677612305,6752.232421875,0.9864340424537659,-0.0013934967573732138,0.16415204107761384,0.0005842004902660847,0.9999874234199524,0.004978335928171873,-0.16415691375732423,-0.004814902786165476,0.9864224791526794],[-2205.918212890625,39.73591232299805,6744.5302734375,0.9858657121658325,0.0006616869941353798,0.16753613948822022,-0.0015135069843381644,0.9999865889549255,0.004956760443747044,-0.1675306111574173,-0.005140267312526703,0.9858534932136536],[-2207.352783203125,39.745277404785159,6737.08544921875,0.9843668341636658,0.005592357832938433,0.17604173719882966,-0.006552049424499273,0.9999666810035706,0.004870711360126734,-0.17600864171981812,-0.0059480005875229839,0.9843706488609314],[-2209.093505859375,39.75940704345703,6729.3291015625,0.9812612533569336,0.011054894886910916,0.19236458837985993,-0.012169486843049527,0.9999153017997742,0.004613570403307676,-0.1922972947359085,-0.00686809653416276,0.9813126921653748],[-2210.9990234375,39.765594482421878,6721.86083984375,0.9774797558784485,0.011027559638023377,0.21074101328849793,-0.012221591547131539,0.9999157786369324,0.004364253953099251,-0.21067513525485993,-0.006841559894382954,0.9775322079658508],[-2213.045654296875,39.752010345458987,6714.0234375,0.9747349619865418,0.0031954392325133087,0.22334173321723939,-0.004263774491846561,0.9999816417694092,0.004301343113183975,-0.22332389652729035,-0.00514494813978672,0.9747307300567627],[-2214.98486328125,39.73910903930664,6706.396484375,0.9732676148414612,-0.002897444646805525,0.22965571284294129,0.0019503157818689943,0.9999886155128479,0.004351002164185047,-0.22966571152210236,-0.003786788322031498,0.9732621908187866],[-2216.9638671875,39.73662567138672,6698.373046875,0.9724616408348084,-0.002945183077827096,0.23304441571235658,0.00197232561185956,0.999988317489624,0.004407476168125868,-0.23305468261241914,-0.00382646219804883,0.9724560976028442],[-2218.935791015625,39.7386474609375,6690.26611328125,0.9720559120178223,-0.0005177144194021821,0.2347489297389984,-0.0005440318491309881,0.999989926815033,0.004458118695765734,-0.23474887013435365,-0.004461251199245453,0.9720458388328552],[-2220.927734375,39.738895416259769,6682.08447265625,0.9718483090400696,0.0005163669120520353,0.23560695350170136,-0.0016195324715226889,0.9999886155128479,0.00448874244466424,-0.23560194671154023,-0.004743949510157108,0.9718380570411682],[-2222.786865234375,39.73640823364258,6674.46728515625,0.9717473983764648,0.00008392136805923656,0.23602330684661866,-0.0011812645243480802,0.9999891519546509,0.004507903009653091,-0.23602037131786347,-0.004659349098801613,0.9717369675636292],[-2224.817626953125,39.733726501464847,6666.14404296875,0.9716888070106506,-0.0005126429023221135,0.23626378178596497,-0.0005741881323046982,0.9999895691871643,0.00453124800696969,-0.23626364767551423,-0.004538622684776783,0.9716783761978149],[-2226.86376953125,39.731929779052737,6657.7451171875,0.9716584086418152,-0.0007430416881106794,0.23638831079006196,-0.0003414411039557308,0.9999896287918091,0.004546748008579016,-0.23638923466205598,-0.0044985986314713959,0.9716480374336243],[-2228.848876953125,39.73066329956055,6649.60107421875,0.9716229438781738,-0.0006897211424075067,0.23653407394886018,-0.00039998875581659377,0.9999895095825195,0.004558972083032131,-0.2365347295999527,-0.004524212796241045,0.9716125130653381],[-2230.97998046875,39.73322677612305,6641.07421875,0.9709400534629822,0.0012467395281419159,0.23931966722011567,-0.002407197142019868,0.9999867081642151,0.004556754603981972,-0.23931081593036652,-0.005000425036996603,0.9709301590919495],[-2233.138916015625,39.73694610595703,6632.83544921875,0.9695158004760742,0.003515372984111309,0.24500368535518647,-0.004772645886987448,0.9999783039093018,0.004538131412118673,-0.24498242139816285,-0.005569105502218008,0.9695115089416504],[-2235.952392578125,39.73063278198242,6622.19140625,0.9685115814208984,0.000694909889716655,0.24896763265132905,-0.0018834362272173167,0.9999879598617554,0.004535642918199301,-0.2489614635705948,-0.004861737601459026,0.9685012102127075],[-2238.160400390625,39.7255859375,6613.79345703125,0.9681411981582642,-0.0014782760990783573,0.25040051341056826,0.00034922242048196495,0.9999895691871643,0.0045533617958426479,-0.25040462613105776,-0.004320851992815733,0.9681316614151001],[-2240.28271484375,39.724430084228519,6605.66064453125,0.9679582118988037,-0.0016205408610403538,0.25110599398612978,0.0004911203868687153,0.9999895095825195,0.004560383968055248,-0.2511107325553894,-0.004290937911719084,0.967948853969574],[-2242.50390625,39.724605560302737,6597.12109375,0.967863142490387,-0.0010015893494710327,0.25147557258605959,-0.00015031704970169812,0.9999895691871643,0.004561338573694229,-0.25147750973701479,-0.004452552646398544,0.9678528904914856],[-2244