{"DriveData":[[-14930.9541015625,11.139976501464844,-5160.1083984375,-0.338390052318573,-0.0030030524358153345,0.9410011768341065,-0.0002524950832594186,0.9999951720237732,0.003100523492321372,-0.9410058856010437,0.000811588077340275,-0.33838915824890139],[-14930.9541015625,11.139976501464844,-5160.1083984375,-0.3383900821208954,-0.0030030016787350179,0.9410011172294617,-0.0002523527364246547,0.9999951720237732,0.003100520698353648,-0.9410058856010437,0.0008117212564684451,-0.33838921785354617],[-14930.9541015625,11.139976501464844,-5160.1083984375,-0.338390052318573,-0.0030030193738639356,0.9410011768341065,-0.0002523963921703398,0.9999951720237732,0.0031005237251520159,-0.9410058856010437,0.0008116810931824148,-0.33838915824890139],[-14930.9541015625,11.139976501464844,-5160.1083984375,-0.338390052318573,-0.003002959070727229,0.9410011172294617,-0.00025225969147868454,0.9999951720237732,0.003100508823990822,-0.9410058856010437,0.0008118047844618559,-0.33838918805122378],[-14930.9541015625,11.13997745513916,-5160.1083984375,-0.33838969469070437,-0.003002991434186697,0.941001296043396,-0.00025237532099708915,0.9999951720237732,0.003100501373410225,-0.9410060048103333,0.0008116922108456492,-0.3383888304233551],[-14930.95703125,11.140199661254883,-5160.1083984375,-0.3383922576904297,-0.0029922339599579574,0.9410004019737244,-0.00024213475990109146,0.9999951720237732,0.0030927543994039299,-0.9410051107406616,0.0008187151979655027,-0.33839136362075808],[-14930.9912109375,11.140563011169434,-5160.09521484375,-0.3383956551551819,-0.002984661841765046,0.9409992098808289,-0.00024587169173173606,0.999995231628418,0.0030833666678518059,-0.9410039186477661,0.0008120327838696539,-0.33839476108551028],[-14931.091796875,11.141181945800782,-5160.06005859375,-0.33839744329452517,-0.0029780217446386816,0.9409985542297363,-0.0002626886125653982,0.999995231628418,0.003070264356210828,-0.9410032629966736,0.0007917799521237612,-0.3383966088294983],[-14931.2783203125,11.141798973083496,-5159.99365234375,-0.33839771151542666,-0.0029761011246591808,0.9409984946250916,-0.00028985197423025966,0.9999952912330627,0.003058455418795347,-0.941003143787384,0.0007622240809723735,-0.33839699625968935],[-14931.5966796875,11.143111228942871,-5159.87939453125,-0.3384045660495758,-0.0029615939129143955,0.9409960508346558,-0.0003220042563043535,0.9999953508377075,0.0030314819887280466,-0.9410006403923035,0.0007228625472635031,-0.33840394020080569],[-14932.09375,11.145265579223633,-5159.701171875,-0.33841174840927126,-0.0029392088763415815,0.9409935474395752,-0.00037061364855617285,0.9999954700469971,0.0029902178794145586,-0.9409980773925781,0.0006631797878071666,-0.3384113013744354],[-14932.9140625,11.147832870483399,-5159.4072265625,-0.3384130299091339,-0.00292705069296062,0.9409931302070618,-0.00045815101475454867,0.9999955296516419,0.0029458170756697656,-0.9409975409507752,0.0005657859146595001,-0.338412880897522],[-14934.048828125,11.148626327514649,-5158.9990234375,-0.3384013772010803,-0.0029419176280498506,0.9409972429275513,-0.0005329666892066598,0.9999955296516419,0.0029347033705562355,-0.9410017132759094,0.000491587445139885,-0.3384014368057251],[-14935.48046875,11.14763069152832,-5158.484375,-0.33836886286735537,-0.0029821782372891905,0.9410088062286377,-0.0005922295968048275,0.9999954700469971,0.0029561598785221578,-0.9410133957862854,0.0004429791879374534,-0.33836907148361208],[-14937.0390625,11.14268684387207,-5157.92431640625,-0.3383716642856598,-0.002954918658360839,0.9410079121589661,-0.00034208770375698805,0.9999954104423523,0.003017139621078968,-0.9410125017166138,0.0006990073597989976,-0.3383711278438568],[-14938.603515625,11.139817237854004,-5157.36083984375,-0.3383825123310089,-0.002933652838692069,0.9410040974617004,-0.00020096744992770255,0.9999953508377075,0.003045295365154743,-0.9410086274147034,0.0008413635077886283,-0.3383815288543701],[-14940.0654296875,11.142709732055664,-5156.83349609375,-0.33844131231307986,-0.002878442406654358,0.9409831166267395,-0.00020093265629839152,0.9999955296516419,0.0029866909608244898,-0.9409874677658081,0.0008217453141696751,-0.33844035863876345],[-14941.7900390625,11.147064208984375,-5156.21533203125,-0.33843427896499636,-0.002880742074921727,0.9409856200218201,-0.00038813077844679356,0.9999956488609314,0.002921801060438156,-0.9409899711608887,0.0006236122571863234,-0.3384339511394501],[-14943.9267578125,11.14975643157959,-5155.44970703125,-0.338428258895874,-0.0028454309795051815,0.9409878849983215,-0.0004374499258119613,0.999995768070221,0.0028665338177233936,-0.9409921169281006,0.0005584809696301818,-0.3384280800819397],[-14946.4677734375,11.169182777404786,-5154.48779296875,-0.33900994062423708,-0.002905427012592554,0.9407783150672913,-0.0010077831102535129,0.999995768070221,0.0027251543942838909,-0.9407822489738464,-0.000024246010070783087,-0.33901146054267886],[-14949.2021484375,11.255184173583985,-5153.25341796875,-0.34207430481910708,-0.0027801445685327055,0.9396687746047974,-0.003058473812416196,0.999993622303009,0.00184522639028728,-0.9396679401397705,-0.0022427476942539217,-0.34208062291145327],[-14952.2646484375,11.311441421508789,-5151.5517578125,-0.3486466407775879,-0.0028676593210548164,0.9372498393058777,-0.004912625066936016,0.9999871850013733,0.0012321711983531714,-0.9372413754463196,-0.004174764733761549,-0.34865623712539675],[-14955.4716796875,11.315134048461914,-5149.41357421875,-0.3591060936450958,-0.002333311829715967,0.9332938194274902,-0.0038751435931771995,0.9999919533729553,0.0010090130381286145,-0.9332886934280396,-0.0032543048728257419,-0.3591122329235077],[-14958.603515625,11.3240327835083,-5146.95849609375,-0.3728906810283661,-0.001971046207472682,0.9278731942176819,-0.003092425176873803,0.9999948143959045,0.000881477608345449,-0.9278701543807983,-0.0025406836066395046,-0.37289485335350039],[-14961.8740234375,11.311487197875977,-5144.39501953125,-0.3865717649459839,-0.0006747705629095435,0.9222590923309326,0.0002108104818034917,0.9999996423721314,0.0008200121810659766,-0.9222593307495117,0.0005114154773764312,-0.3865714967250824],[-14965.234375,11.262188911437989,-5142.09521484375,-0.3966708481311798,0.0007001820486038923,0.9179606437683106,0.004836618900299072,0.9999874234199524,0.0013272601645439864,-0.9179481863975525,0.004966311156749725,-0.39666926860809328],[-14968.8017578125,11.188234329223633,-5140.03271484375,-0.40347203612327578,-0.0008314373553730547,0.9149916172027588,0.0036181637551635505,0.9999903440475464,0.002504129195585847,-0.9149848222732544,0.004320935346186161,-0.4034651219844818],[-14972.5146484375,11.122203826904297,-5138.2880859375,-0.4052487313747406,-0.004071534611284733,0.9141973853111267,-0.0010723195737227798,0.9999915361404419,0.003978291992098093,-0.9142058491706848,0.0006318860105238855,-0.4052496552467346],[-14976.4892578125,11.055464744567871,-5136.43896484375,-0.4063425064086914,-0.00602411013096571,0.9137009978294373,-0.0038457722403109075,0.9999806880950928,0.0048826620914042,-0.913712739944458,-0.0015298528596758843,-0.4063578248023987],[-14980.9326171875,10.759391784667969,-5134.31689453125,-0.40803101658821108,-0.009034132584929467,0.9129233360290527,-0.0014609911013394595,0.9999562501907349,0.009242404252290726,-0.9129669070243836,0.0024374148342758419,-0.4080263674259186],[-14985.248046875,10.401000022888184,-5132.16748046875,-0.410428911447525,-0.012731633149087429,0.9118037223815918,-0.0003218006750103086,0.9999045133590698,0.013816943392157555,-0.9118925333023071,0.005377453751862049,-0.4103938043117523],[-14989.748046875,9.745091438293457,-5129.93408203125,-0.4125576913356781,-0.02057259902358055,0.9106991291046143,-0.00017413130262866616,0.9997466802597046,0.022505290806293489,-0.9109314680099487,0.0091261500492692,-0.41245678067207339],[-14994.6171875,8.696653366088868,-5127.5283203125,-0.41470757126808169,-0.03352279216051102,0.909337043762207,0.0005691674305126071,0.9993114471435547,0.03709927573800087,-0.9099545478820801,0.015902915969491006,-0.41440293192863467],[-14999.4814453125,7.49764347076416,-5125.21630859375,-0.4164307713508606,-0.04840390011668205,0.9078779816627502,0.0013482397189363838,0.9985477924346924,0.053856413811445239,-0.9091664552688599,0.023651504889130594,-0.41576075553894045],[-15004.70703125,7.024367332458496,-5122.71923828125,-0.4176771938800812,-0.057007480412721637,0.9068053364753723,-0.0024810389149934055,0.9980975985527039,0.061603911221027377,-0.9085921049118042,0.0234807301312685,-0.41702404618263247],[-15009.748046875,6.98968505859375,-5120.11962890625,-0.4205067753791809,-0.05890761315822601,0.9053750038146973,-0.01023815106600523,0.9981345534324646,0.06018777936697006,-0.9072316288948059,0.016040002927184106,-0.42032545804977419],[-15014.716796875,7.108658313751221,-5117.20166015625,-0.426349014043808,-0.05615725740790367,0.9028138518333435,-0.020399190485477449,0.9984140992164612,0.05247041955590248,-0.9043287038803101,0.003954040352255106,-0.42681843042373659],[-15019.755859375,7.293220043182373,-5113.70947265625,-0.43675562739372256,-0.05310516804456711,0.898011326789856,-0.02602395974099636,0.9985840916633606,0.04639570042490959,-0.8992036581039429,-0.003106227144598961,-0.43751925230026247],[-15024.5537109375,7.332439422607422,-5110.1484375,-0.4479602575302124,-0.0497385635972023,0.8926688432693481,-0.020449893549084665,0.9987601041793823,0.045387666672468188,-0.8938195705413818,0.0020768872927874328,-0.44842198491096499],[-15029.7607421875,7.373674392700195,-5106.65380859375,-0.45581507682800295,-0.037828609347343448,0.8892702460289002,-0.0021760277450084688,0.9991407990455627,0.04138701409101486,-0.8900718092918396,0.0169297493994236,-0.45550575852394106],[-15035.220703125,7.474183082580566,-5103.4677734375,-0.4588286578655243,-0.018395008519291879,0.888334333896637,0.02029157243669033,0.9993079900741577,0.03117366135120392,-0.8882930278778076,0.032329071313142779,-0.4581378698348999],[-15040.8564453125,7.909593105316162,-5100.40283203125,-0.4597761631011963,0.0009620689670555294,0.8880343437194824,0.029525676742196084,0.9994630813598633,0.014204012230038643,-0.8875438570976257,0.03275047987699509,-0.4595577120780945],[-15046.412109375,8.646398544311524,-5097.59130859375,-0.46031495928764346,0.00504994997754693,0.8877413272857666,0.009345868602395058,0.999955952167511,-0.0008422324899584055,-0.887706458568573,0.007909021340310574,-0.4603419005870819],[-15052.2109375,8.885433197021485,-5094.71728515625,-0.46052446961402895,-0.0051154764369130138,0.8876322507858276,-0.01548630092293024,0.9998775124549866,-0.0022723046131432058,-0.8875119090080261,-0.014792592264711857,-0.4605472683906555],[-15057.642578125,8.773249626159668,-5091.82080078125,-0.4607550799846649,-0.001538179931230843,0.8875259757041931,-0.0049265907146036629,0.9999875426292419,-0.0008245289791375399,-0.8875136375427246,-0.004752383101731539,-0.46075689792633059],[-15063.0830078125,8.638427734375,-5088.8662109375,-0.46074336767196658,0.007634702138602734,0.8875005841255188,0.01635473221540451,0.999866247177124,-0.00011081231787102297,-0.8873826861381531,0.014463778585195542,-0.46080660820007326],[-15069.515625,8.636740684509278,-5085.5546875,-0.4608147442340851,0.004760520998388529,0.8874835968017578,0.011355188675224781,0.9999353885650635,0.0005323196528479457,-0.8874236941337586,0.010322844609618187,-0.46083900332450869],[-15076.2587890625,8.68641471862793,-5082.1533203125,-0.46078023314476015,-0.0033474075607955457,0.887507975101471,-0.004893780220299959,0.9999872446060181,0.0012308709556236864,-0.8875007629394531,-0.0037761079147458078,-0.460790753364563],[-15082.662109375,8.652791976928711,-5078.73974609375,-0.46133339405059817,-0.0017980145057663322,0.8872250318527222,-0.0009372788481414318,0.9999983906745911,0.001539196353405714,-0.8872263431549072,-0.00012149461690569296,-0.46133431792259219],[-15089.0859375,8.621459007263184,-5074.9306640625,-0.4653652310371399,0.0020858915522694589,0.8851162791252136,0.007277459371834993,0.9999724626541138,0.0014696854632347823,-0.8850888609886169,0.007125338539481163,-0.4653675854206085],[-15095.5517578125,8.631096839904786,-5070.818359375,-0.4724254012107849,0.0014317524619400502,0.8813694715499878,0.005640952382236719,0.9999831318855286,0.0013991870218887926,-0.8813526034355164,0.005632774904370308,-0.4724254906177521],[-15102.302734375,8.642219543457032,-5066.79248046875,-0.47680193185806277,0.0018165751826018096,0.8790088891983032,0.005809389986097813,0.9999825358390808,0.0010846133809536696,-0.8789915442466736,0.005623651202768087,-0.4768041670322418],[-15109.3369140625,8.613264083862305,-5062.86083984375,-0.477897047996521,0.0020130767952650787,0.8784135580062866,0.006822316441684961,0.9999757409095764,0.0014199881115928293,-0.8783893585205078,0.006671423092484474,-0.4778991639614105],[-15116.5595703125,8.595703125,-5058.9091796875,-0.47818318009376528,0.001110738841816783,0.8782594203948975,0.005444350652396679,0.9999837279319763,0.0016995844198390842,-0.8782432675361633,0.005594264715909958,-0.4781814515590668],[-15123.6357421875,8.58736801147461,-5055.05810546875,-0.4782674312591553,0.0004531867743935436,0.8782141208648682,0.004313070792704821,0.9999890327453613,0.0018328326987102628,-0.8782036304473877,0.0046643842943012718,-0.47826412320137026],[-15131.130859375,8.567370414733887,-5050.97021484375,-0.4783060550689697,0.0005311096319928765,0.8781930208206177,0.004790684208273888,0.9999865293502808,0.002004469046369195,-0.8781801462173462,0.005165894981473684,-0.47830215096473696],[-15138.3935546875,8.537152290344239,-5047.009765625,-0.4782949984073639,0.0007691954961046577,0.8781989216804504,0.0057837506756186489,0.9999806880950928,0.0022741525899618866,-0.878180205821991,0.006166999228298664,-0.4782902002334595],[-15145.9072265625,8.52264404296875,-5042.9169921875,-0.47831711173057558,0.0006133923307061195,0.8781870007514954,0.005680867470800877,0.9999809861183167,0.002395703224465251,-0.8781688213348389,0.0061347694136202339,-0.4783115088939667],[-15153.3564453125,8.513322830200196,-5038.86083984375,-0.47829797863960268,0.00015295491903088987,0.8781976103782654,0.004912294447422028,0.9999848008155823,0.0025012455880641939,-0.878183901309967,0.0055103059858083729,-0.47829145193099978],[-15160.541015625,8.515608787536621,-5034.951171875,-0.4782992899417877,0.0002003099216381088,0.8781968951225281,0.004756247159093618,0.9999858736991882,0.002362343482673168,-0.8781840205192566,0.0053068287670612339,-0.4782934784889221],[-15167.89453125,8.506021499633789,-5030.9453125,-0.47830504179000857,0.000338544457918033,0.8781936764717102,0.005109974183142185,0.999984085559845,0.002397634321823716,-0.8781788945198059,0.005634347442537546,-0.4782991409301758],[-15175.7490234375,8.496413230895996,-5026.66455078125,-0.47831520438194277,0.0004905168316327035,0.8781880736351013,0.005435151048004627,0.9999823570251465,0.0024017717223614456,-0.8781713843345642,0.005921889096498489,-0.4783094525337219],[-15183.486328125,8.487719535827637,-5022.44970703125,-0.4783269166946411,0.0004348321817815304,0.8781817555427551,0.005379151552915573,0.9999825954437256,0.002434767549857497,-0.8781653642654419,0.0058884876780211929,-0.4783209264278412],[-15191.412109375,8.475920677185059,-5018.134765625,-0.47829607129096987,0.00025431971880607307,0.8781986236572266,0.005137451458722353,0.9999836683273315,0.00250843889079988,-0.8781836032867432,0.005711479112505913,-0.47828957438468935],[-15199.8671875,8.469293594360352,-5013.529296875,-0.4783034324645996,0.00020263477927073836,0.8781946301460266,0.005002602003514767,0.9999843835830689,0.002493900479748845,-0.8781803846359253,0.005586099345237017,-0.47829699516296389],[-15208.5185546875,8.460082054138184,-5008.81640625,-0.47829949855804446,0.00029477328644134104,0.8781967163085938,0.005211914889514446,0.9999833106994629,0.0025029561948031189,-0.8781813383102417,0.005774249322712421,-0.4782930314540863],[-15217.0048828125,8.451324462890625,-5004.19384765625,-0.478299081325531,0.0003488960210233927,0.8781969547271729,0.005341322161257267,0.9999825954437256,0.002511804923415184,-0.8781808018684387,0.0058921268209815029,-0.4782926142215729],[-15226.0263671875,8.442146301269532,-4999.2802734375,-0.47831520438194277,0.0003013982786796987,0.8781881928443909,0.005254899151623249,0.999983012676239,0.0025189421139657499,-0.8781725168228149,0.005819638725370169,-0.47830867767333987],[-15234.8564453125,8.431562423706055,-4994.47119140625,-0.47831857204437258,0.00025465188082307577,0.8781863451004028,0.005240225698798895,0.9999829530715942,0.0025642048567533495,-0.8781707882881165,0.005828401539474726,-0.4783117473125458],[-15243.84765625,8.42202377319336,-4989.57568359375,-0.47830551862716677,0.00021899341663811356,0.8781934976577759,0.005208649206906557,0.9999830722808838,0.0025875119026750328,-0.878178060054779,0.005811823066323996,-0.4782985746860504],[-15252.2265625,8.413619041442871,-4985.0126953125,-0.47830790281295779,0.0001788454974303022,0.8781921863555908,0.005142908077687025,0.9999834299087524,0.0025974393356591465,-0.8781771659851074,0.005758837331086397,-0.47830086946487429],[-15263.462890625,8.407788276672364,-4978.89208984375,-0.47831055521965029,0.00026288561639375985,0.8781906962394714,0.005211289972066879,0.9999831914901733,0.0025390086229890587,-0.8781753182411194,0.005790940951555967,-0.4783039093017578],[-15272.9189453125,8.39729118347168,-4973.7412109375,-0.4783126413822174,0.00029849063139408827,0.8781895637512207,0.0053641009144485,0.9999822974205017,0.00258171116001904,-0.8781732320785523,0.00594556238502264,-0.47830578684806826],[-15282.513671875,8.387804985046387,-4968.51513671875,-0.47831395268440249,0.00027234459412284195,0.8781888484954834,0.005395395215600729,0.9999819993972778,0.00262853829190135,-0.8781723380088806,0.005995442625135183,-0.4783068001270294],[-15292.6611328125,8.417377471923829,-4963.02685546875,-0.47800058126449587,0.0005993160884827375,0.878359317779541,0.005260331556200981,0.9999837875366211,0.0021803551353514196,-0.8783437609672546,0.005662672221660614,-0.47799599170684817],[-15302.9580078125,8.52551555633545,-4957.5146484375,-0.47730952501296999,0.0005259521421976388,0.8787350654602051,0.0026847028639167549,0.9999960064888,0.0008597406558692455,-0.8787311315536499,0.002769505139440298,-0.47730904817581179],[-15312.8876953125,8.658102035522461,-4952.16162109375,-0.47726505994796755,-0.0015896481927484274,0.8787579536437988,-0.004152590874582529,0.9999912977218628,-0.00044637121027335525,-0.8787496089935303,-0.0038621597923338415,-0.4772675037384033],[-15322.7451171875,8.826425552368164,-4946.6826171875,-0.478952020406723,-0.004960588179528713,0.8778270483016968,-0.013955507427453995,0.9999006986618042,-0.0019638524390757086,-0.877730131149292,-0.013191113248467446,-0.4789736866950989],[-15332.6552734375,8.982544898986817,-4941.29345703125,-0.47917160391807558,-0.007013760041445494,0.877693235874176,-0.020802095532417299,0.9997779130935669,-0.0033674307633191349,-0.8774747252464294,-0.019871436059474946,-0.47921109199523928],[-15343.435546875,9.155887603759766,-4935.53466796875,-0.47891655564308169,-0.011753242462873459,0.8777817487716675,-0.03206977620720863,0.9994771480560303,-0.004114518873393536,-0.8772744536399841,-0.03012077696621418,-0.4790430963039398],[-15353.4189453125,9.343441009521485,-4930.27880859375,-0.4783904552459717,-0.021021489053964616,0.8778955936431885,-0.05176079273223877,0.998650312423706,-0.0042929393239319328,-0.8766204118728638,-0.047494273632764819,-0.47883284091949465],[-15364.248046875,9.550286293029786,-4924.60986328125,-0.47757041454315188,-0.03368399292230606,0.8779475688934326,-0.07800436019897461,0.9969442486763,-0.004181927070021629,-0.875123918056488,-0.07048090547323227,-0.47873857617378237],[-15375.875,9.791600227355957,-4918.453125,-0.4768446981906891,-0.04276801645755768,0.8779464960098267,-0.09822531789541245,0.9951522946357727,-0.00487220473587513,-0.8734820485115051,-0.08855985850095749,-0.47873398661613467],[-15386.6376953125,10.063488006591797,-4912.67236328125,-0.4766750931739807,-0.045984383672475818,0.8778760433197022,-0.1084030270576477,0.994083821773529,-0.006789895705878735,-0.8723701238632202,-0.09840098768472672,-0.47883984446525576],[-15396.9619140625,10.36551570892334,-4907.07470703125,-0.4769320487976074,-0.047780591994524,0.8776404857635498,-0.11678048968315125,0.9931133389472961,-0.009394296444952488,-0.871147632598877,-0.10697173327207566,-0.4792273938655853],[-15406.7919921875,10.72135066986084,-4901.55908203125,-0.47878414392471316,-0.051042985171079639,0.8764475584030151,-0.12820550799369813,0.9916715621948242,-0.01228240691125393,-0.8685212135314941,-0.11824602633714676,-0.481340616941452],[-15418.0830078125,11.138900756835938,-4894.82080078125,-0.48435360193252566,-0.05448463559150696,0.8731741309165955,-0.1388937532901764,0.9901897311210632,-0.015258769504725933,-0.863776683807373,-0.12866906821727754,-0.4871695339679718],[-15428.138671875,11.4293212890625,-4888.74462890625,-0.4893874228000641,-0.05271538719534874,0.870471715927124,-0.13689418137073518,0.9904400706291199,-0.016982585191726686,-0.861254870891571,-0.12747357785701753,-0.49192535877227785],[-15438.2958984375,11.62783432006836,-4882.83837890625,-0.4911348521709442,-0.050941403955221179,0.8695927262306213,-0.13317729532718659,0.9909435510635376,-0.017166608944535257,-0.8608428239822388,-0.12424112856388092,-0.4934711456298828],[-15448.068359375,11.75643253326416,-4877.20703125,-0.49194473028182986,-0.05188009887933731,0.8690792918205261,-0.1325615495443344,0.9910476207733154,-0.015875771641731263,-0.8604753613471985,-0.12301649898290634,-0.4944179654121399],[-15457.80859375,11.80640983581543,-4871.5146484375,-0.4932728707790375,-0.05159201845526695,0.8683433532714844,-0.12800437211990357,0.9916776418685913,-0.013794583268463612,-0.8604049682617188,-0.1179562360048294,-0.49577170610427859],[-15467.90625,11.791360855102539,-4865.50634765625,-0.4954015016555786,-0.04753883555531502,0.8673623204231262,-0.11551877856254578,0.9932382702827454,-0.011541645973920823,-0.8609487414360046,-0.10591438412666321,-0.4975433647632599],[-15477.9677734375,11.709782600402832,-4859.4375,-0.49760526418685915,-0.04119248315691948,0.8664249181747437,-0.0977630466222763,0.995170533657074,-0.008833847008645535,-0.8618766665458679,-0.08910011500120163,-0.49922919273376467],[-15488.4208984375,11.607890129089356,-4853.111328125,-0.49962788820266726,-0.03272177651524544,0.8656218647956848,-0.0758480653166771,0.997100830078125,-0.0060868351720273499,-0.8629131317138672,-0.06869689375162125,-0.5006612539291382],[-15498.4892578125,11.569990158081055,-4847.05615234375,-0.5005887746810913,-0.022668475285172464,0.8653883337974548,-0.0535101480782032,0.9985557794570923,-0.004796508699655533,-0.8640298247337341,-0.04870813712477684,-0.5010788440704346],[-15506.9638671875,11.533407211303711,-4841.99853515625,-0.500608503818512,-0.012662619352340699,0.8655811548233032,-0.03278772532939911,0.9994528889656067,-0.004341734107583761,-0.8650526404380798,-0.030553948134183885,-0.5007498264312744],[-15518.2978515625,11.400129318237305,-4835.30859375,-0.5000005960464478,-0.0040652151219546799,0.8660154938697815,-0.011483660899102688,0.9999321699142456,-0.0019363367464393378,-0.8659489154815674,-0.010913197882473469,-0.5000134110450745],[-15528.369140625,11.347137451171875,-4829.2646484375,-0.5012509226799011,-0.0018622305942699314,0.8652999997138977,-0.004517698660492897,0.9999896883964539,-0.0004649129114113748,-0.8652902245521545,-0.004142202902585268,-0.501254141330719],[-15538.3525390625,11.372936248779297,-4823.07275390625,-0.5053859949111939,-0.0017152124783024192,0.862891674041748,-0.004745205864310265,0.9999884366989136,-0.0007914875750429928,-0.8628803491592407,-0.004494605585932732,-0.5053883194923401],[-15548.0302734375,11.31147575378418,-4817.25830078125,-0.5065529942512512,-0.0011810932774096728,0.8622080087661743,-0.0013799377484247089,0.9999988675117493,0.0005591231165453792,-0.8622077703475952,-0.0009065679623745382,-0.5065540075302124],[-15558.1318359375,11.252890586853028,-4811.25390625,-0.5067220330238342,0.001168126706033945,0.8621087074279785,0.004681747872382402,0.9999880790710449,0.0013968446291983128,-0.8620967864990234,0.0047439876943826679,-0.5067214369773865],[-15567.857421875,11.24050235748291,-4805.53173828125,-0.5067981481552124,0.001086653210222721,0.8620640635490418,0.004829126875847578,0.9999870657920837,0.0015784830320626498,-0.862051248550415,0.004962989129126072,-0.5067968368530273],[-15577.5966796875,11.268179893493653,-4799.8388671875,-0.5068130493164063,-0.001672497484833002,0.8620543479919434,-0.0007123387767933309,0.9999985694885254,0.0015213339356705547,-0.8620557188987732,0.00015695711772423238,-0.5068135261535645],[-15587.330078125,11.277312278747559,-4794.134765625,-0.5067711472511292,-0.0030980731826275589,0.8620750308036804,-0.0034345511812716724,0.999992847442627,0.0015747115248814226,-0.8620737791061401,-0.0021628225222229959,-0.5067781805992127],[-15597.400390625,11.260890007019043,-4788.08056640625,-0.5078374147415161,-0.001977152656763792,0.8614506721496582,-0.0011835561599582434,0.9999980330467224,0.0015974155394360424,-0.8614521026611328,-0.00020834784663747996,-0.507838785648346],[-15606.939453125,11.266927719116211,-4782.06103515625,-0.5113474726676941,-0.001865896862000227,0.8593720197677612,-0.0011904463171958924,0.9999982118606567,0.001462884247303009,-0.8593732118606567,-0.0002749941195361316,-0.5113487839698792],[-15616.4033203125,11.279413223266602,-4775.92431640625,-0.5160226821899414,-0.0019221269758418203,0.8565728068351746,-0.001610341714695096,0.9999979138374329,0.0012738556833937765,-0.8565734028816223,-0.0007220365223474801,-0.516024649143219],[-15626.3603515625,11.252528190612793,-4769.681640625,-0.5181054472923279,-0.000035269618820166218,0.8553167581558228,0.002221224596723914,0.999996542930603,0.0013867354718968273,-0.8553138375282288,0.0026183256413787605,-0.5181035995483398],[-15636.38671875,11.239601135253907,-4763.5458984375,-0.5186417698860169,-0.0001590189931448549,0.854991614818573,0.0023187396582216026,0.9999960660934448,0.0015925461193546653,-0.8549885153770447,0.002808463992550969,-0.5186393857002258],[-15646.341796875,11.26333236694336,-4757.30615234375,-0.5206900238990784,-0.003172912634909153,0.8537399172782898,-0.003400420304387808,0.999992847442627,0.0016425669891759754,-0.8537390232086182,-0.002047806279733777,-0.5206971168518066],[-15655.7392578125,11.292166709899903,-4751.06982421875,-0.5252389907836914,-0.0045028445310890678,0.850942850112915,-0.006256989203393459,0.9999793767929077,0.001429399591870606,-0.8509317636489868,-0.0045735640451312069,-0.525256335735321],[-15664.9375,11.292481422424317,-4744.541015625,-0.5324795842170715,-0.0032245581969618799,0.8464367389678955,-0.004005654715001583,0.9999911189079285,0.001289642066694796,-0.8464334011077881,-0.002703825244680047,-0.5324877500534058],[-15674.318359375,11.27747917175293,-4737.466796875,-0.54261714220047,-0.0020025470294058325,0.8399777412414551,-0.001715913531370461,0.9999977350234985,0.001275579328648746,-0.8399783968925476,-0.0007491779397241771,-0.5426193475723267],[-15683.4345703125,11.30588150024414,-4730.06005859375,-0.555905818939209,-0.0038076378405094148,0.8312365412712097,-0.005235911812633276,0.9999856948852539,0.0010790064698085189,-0.8312287926673889,-0.0037524551153182985,-0.5559178590774536],[-15691.8984375,11.328269958496094,-4722.59716796875,-0.5713912844657898,-0.005589005537331104,0.8206587433815002,-0.008294765837490559,0.9999650716781616,0.0010348438518121839,-0.8206358551979065,-0.006215870846062899,-0.5714176893234253],[-15700.380859375,11.310408592224121,-4714.47119140625,-0.589765727519989,-0.004529079422354698,0.8075616955757141,-0.006289247423410416,0.9999797344207764,0.0010151610476896167,-0.8075498938560486,-0.004480248317122459,-0.5897822380065918],[-15708.4970703125,11.291930198669434,-4705.97998046875,-0.6110968589782715,-0.0026033655740320684,0.7915515303611755,-0.0028498047031462194,0.9999953508377075,0.0010888068936765195,-0.7915506958961487,-0.0015904008178040386,-0.6111014485359192],[-15716.01953125,11.289885520935059,-4697.57861328125,-0.6336156725883484,-0.0026437928900122644,0.773643434047699,-0.0029129604808986189,0.999995231628418,0.0010315898107364774,-0.7736424803733826,-0.0015999613096937538,-0.6336203813552856],[-15723.5263671875,11.268155097961426,-4689.15869140625,-0.653342068195343,-0.0033116047270596029,0.7570555806159973,-0.0033314062748104336,0.9999933242797852,0.0014992753276601434,-0.7570554614067078,-0.001542520010843873,-0.6533487439155579],[-15731.6640625,11.24682331085205,-4680.04345703125,-0.6713935732841492,-0.0032725611235946419,0.7410937547683716,-0.0028859407175332309,0.9999942183494568,0.00180131068918854,-0.7410953640937805,-0.000929364119656384,-0.6713991761207581],[-15738.9541015625,11.26289176940918,-4671.43701171875,-0.6878190636634827,-0.005769497714936733,0.7258592247962952,-0.006478120107203722,0.9999773502349854,0.0018097067950293422,-0.7258532643318176,-0.0034574526362121107,-0.6878408789634705],[-15746.205078125,11.274362564086914,-4662.19189453125,-0.705409586429596,-0.008568108081817627,0.7087481617927551,-0.010247661732137204,0.9999457001686096,0.0018890273058786989,-0.7087258696556091,-0.00593047309666872,-0.7054590582847595],[-15753.2978515625,11.23505973815918,-4652.82421875,-0.721399188041687,-0.003694723593071103,0.6925095915794373,-0.003236102871596813,0.999992847442627,0.001964124385267496,-0.6925119161605835,-0.0008241147152148187,-0.7214059829711914],[-15760.1259765625,11.235325813293457,-4643.8466796875,-0.7340391278266907,0.0024368823505938055,0.6791027784347534,0.004671965725719929,0.9999880194664002,0.0014615642139688135,-0.6790910959243774,0.004245590418577194,-0.734041690826416],[-15767.3876953125,11.338458061218262,-4634.60791015625,-0.7437546849250794,0.001121937413699925,0.668451726436615,0.0015411371132358909,0.9999988079071045,0.00003634047243394889,-0.6684508919715881,0.0010572042083367706,-0.7437555193901062],[-15774.9345703125,11.3494291305542,-4625.59521484375,-0.7479041814804077,-0.0028163990937173368,0.6638007164001465,-0.0033864458091557028,0.999994158744812,0.00042730537825264037,-0.6637980937957764,-0.0019283418077975512,-0.7479093670845032],[-15782.533203125,11.317220687866211,-4616.63232421875,-0.7498783469200134,-0.002198361326009035,0.6615720391273499,-0.0021975645795464517,0.9999972581863403,0.0008320317137986422,-0.6615720391273499,-0.0008299247710965574,-0.7498811483383179],[-15789.94140625,11.29072380065918,-4607.513671875,-0.753611147403717,-0.0017752601997926832,0.657318115234375,-0.001384408911690116,0.9999984502792358,0.0011135420063510538,-0.6573190689086914,-0.00007081943476805463,-0.7536123991012573],[-15796.8271484375,11.314976692199707,-4598.58056640625,-0.7590382099151611,-0.0034487040247768165,0.6510369777679443,-0.0037712755147367718,0.9999924898147583,0.0009003115119412541,-0.6510351896286011,-0.0017718687886372209,-0.7590454816818237],[-15803.716796875,11.298845291137696,-4589.06103515625,-0.7666926980018616,-0.004755829926580191,0.6419966220855713,-0.00524833844974637,0.9999855756759644,0.001140034757554531,-0.6419927477836609,-0.0024953591637313368,-0.766706645488739],[-15810.2822265625,11.24878978729248,-4579.318359375,-0.7763656377792358,-0.00454991078004241,0.6302663683891296,-0.00436778599396348,0.9999887943267822,0.0018386843148618937,-0.6302676796913147,-0.0013253772631287575,-0.7763767838478088],[-15816.4931640625,11.241250038146973,-4569.34423828125,-0.7882088422775269,-0.0043910713866353039,0.6153921484947205,-0.004154636058956385,0.9999897480010986,0.0018139738822355867,-0.6153938174247742,-0.0011269402457401157,-0.7882190346717835],[-15822.6181640625,11.218775749206543,-4559.31494140625,-0.7996609210968018,-0.0019258044194430113,0.600448727607727,-0.0009528410737402737,0.9999976754188538,0.0019383005565032364,-0.6004511117935181,0.0009778509847819806,-0.799660861492157],[-15828.8818359375,11.187374114990235,-4549.37255859375,-0.8081620931625366,-0.000442609831225127,0.5889599919319153,0.0010743861785158516,0.9999969601631165,0.002225765259936452,-0.5889591574668884,0.002431549597531557,-0.8081591129302979],[-15834.7939453125,11.23339557647705,-4540.31298828125,-0.8130996823310852,-0.001321375952102244,0.5821229815483093,-0.00039210199611261487,0.9999984502792358,0.0017222408205270768,-0.5821243524551392,0.0011721019400283695,-0.8130989670753479],[-15841.2236328125,11.23896312713623,-4531.02001953125,-0.8145632147789002,-0.0010978777427226306,0.5800737738609314,-0.00020108697935938835,0.9999986886978149,0.0016102748923003674,-0.5800747871398926,0.001195025397464633,-0.8145623803138733],[-15848.5458984375,11.226232528686524,-4520.650390625,-0.8148856163024902,-0.0003122207708656788,0.5796217322349548,0.0008760076016187668,0.9999980330467224,0.001770234084688127,-0.5796211361885071,0.0019502913346514106,-0.8148837685585022],[-15855.6259765625,11.222709655761719,-4510.68359375,-0.8149594664573669,-0.0008165681501850486,0.5795173645019531,0.00029874342726543546,0.9999982714653015,0.0018291609594598413,-0.5795179009437561,0.0016638189554214478,-0.8149577975273132],[-15863.2412109375,11.24959659576416,-4499.94482421875,-0.8150599002838135,-0.0009860012214630843,0.5793759226799011,-0.00017219199799001217,0.999998927116394,0.001459593651816249,-0.5793766975402832,0.0010898923501372338,-0.8150591850280762],[-15870.5732421875,11.23554801940918,-4489.583984375,-0.8151196241378784,-0.0000861181179061532,0.5792926549911499,0.001054217922501266,0.9999980926513672,0.0016320450231432915,-0.5792917013168335,0.0019410125678405166,-0.8151180148124695],[-15877.1435546875,11.162284851074219,-4480.41162109375,-0.814826488494873,-0.0015766266733407975,0.5797027349472046,0.00001225028699991526,0.9999962449073792,0.002736924448981881,-0.5797048807144165,0.002237220061942935,-0.8148234486579895],[-15883.7705078125,11.055975914001465,-4471.279296875,-0.8142039775848389,-0.007349448744207621,0.5805323719978333,-0.00570035120472312,0.9999728798866272,0.004664684645831585,-0.5805509090423584,0.0004887662944383919,-0.8142238259315491],[-15889.8681640625,10.959922790527344,-4462.92431640625,-0.8136069178581238,-0.014712631702423096,0.5812291502952576,-0.013572227209806443,0.9998879432678223,0.006311669480055571,-0.5812568664550781,-0.002753355773165822,-0.8137154579162598],[-15897.9287109375,10.82441520690918,-4451.9296875,-0.812707781791687,-0.0261367317289114,0.5820849537849426,-0.026039620861411096,0.9996245503425598,0.008528506383299828,-0.5820893049240112,-0.008226088248193264,-0.8130832314491272],[-15904.62109375,10.71927261352539,-4442.84619140625,-0.811785101890564,-0.038229819387197497,0.5827035307884216,-0.03956778720021248,0.9991624355316162,0.010429419577121735,-0.5826141834259033,-0.014589842408895493,-0.8126178979873657],[-15910.7568359375,10.661941528320313,-4434.52099609375,-0.8110637068748474,-0.051327791064977649,0.582701563835144,-0.05500609427690506,0.9984211325645447,0.011383703909814358,-0.5823658108711243,-0.02281922847032547,-0.8126065135002136],[-15918.595703125,10.653266906738282,-4423.94873046875,-0.8094899654388428,-0.07143561542034149,0.5827717781066895,-0.07964206486940384,0.9967565536499023,0.011555924080312252,-0.5817071199417114,-0.037058744579553607,-0.8125537037849426],[-15924.462890625,10.612104415893555,-4416.0107421875,-0.8081486821174622,-0.08691055327653885,0.5825308561325073,-0.09816107898950577,0.9950947165489197,0.012283441610634327,-0.5807409882545471,-0.0472550131380558,-0.8127157688140869],[-15932.2001953125,10.443527221679688,-4405.36669921875,-0.8069620728492737,-0.10404030233621597,0.5813671946525574,-0.1174769401550293,0.9929677248001099,0.014636573381721974,-0.5788016319274902,-0.05648607760667801,-0.8135096430778503],[-15938.248046875,10.281124114990235,-4396.9775390625,-0.8062800168991089,-0.1133139505982399,0.580579400062561,-0.12764139473438264,0.9916865825653076,0.01628926582634449,-0.5775986313819885,-0.06097225844860077,-0.8140406608581543],[-15945.861328125,10.18405532836914,-4386.22802734375,-0.8063044548034668,-0.11760984361171723,0.5796904563903809,-0.1333656758069992,0.9909449815750122,0.015545434318482876,-0.5762696266174316,-0.0647764578461647,-0.8146884441375732],[-15952.2294921875,10.152719497680664,-4376.91162109375,-0.8083362579345703,-0.11316248029470444,0.5777427554130554,-0.12905243039131165,0.9915437698364258,0.013652774505317212,-0.5744022130966187,-0.0635230764746666,-0.8161047101020813],[-15958.609375,10.107624053955079,-4367.0419921875,-0.8122267127037048,-0.10944132506847382,0.5729836821556091,-0.12505057454109193,0.9920750260353088,0.012224770151078701,-0.569780707359314,-0.06172265484929085,-0.8194755911827087],[-15964.69921875,10.142657279968262,-4356.99267578125,-0.8177934288978577,-0.10656965523958206,0.5655588507652283,-0.12282563000917435,0.9923838376998901,0.00939248688519001,-0.562252402305603,-0.06178400665521622,-0.8246544599533081],[-15970.3916015625,10.191490173339844,-4346.70947265625,-0.8261032104492188,-0.09825228899717331,0.5548873543739319,-0.11382534354925156,0.99347984790802,0.006452090106904507,-0.5519033074378967,-0.05783015117049217,-0.8319004774093628],[-15975.0810546875,10.243196487426758,-4337.49072265625,-0.8354511260986328,-0.08643380552530289,0.542725145816803,-0.10056918114423752,0.9949234127998352,0.0036378996446728708,-0.5402843952178955,-0.05154213681817055,-0.8399024605751038],[-15980.4853515625,10.362800598144532,-4326.01611328125,-0.8482462763786316,-0.07415416091680527,0.5243847966194153,-0.08682744950056076,0.9962232708930969,0.0004253255028743297,-0.5224358439445496,-0.04517021030187607,-0.8514813184738159],[-15985.4482421875,10.42816162109375,-4314.33984375,-0.8617321848869324,-0.06985604017972946,0.5025313496589661,-0.08121298998594284,0.9966965317726135,-0.0007135466439649463,-0.5008214116096497,-0.04142696037888527,-0.8645586967468262],[-15989.357421875,10.486532211303711,-4304.259765625,-0.8738950490951538,-0.06469688564538956,0.481790155172348,-0.07475636899471283,0.9972003698348999,-0.0016884122742339969,-0.4803321063518524,-0.037492379546165469,-0.8762850165367127],[-15993.9521484375,10.579160690307618,-4292.43115234375,-0.8862905502319336,-0.05421565845608711,0.45994532108306887,-0.0627940446138382,0.9980208277702332,-0.003359986701980233,-0.4588528573513031,-0.03185975179076195,-0.8879408836364746],[-15997.96484375,10.736305236816407,-4281.888671875,-0.8951728940010071,-0.05486768111586571,0.4423291087150574,-0.06354691088199616,0.9979672431945801,-0.00481388159096241,-0.44116583466529848,-0.0324179008603096,-0.8968399167060852],[-16002.0947265625,10.961445808410645,-4269.88916015625,-0.9051110148429871,-0.06272382289171219,0.4205232262611389,-0.07201290130615235,0.997384250164032,-0.006230127066373825,-0.419032484292984,-0.03592205420136452,-0.9072603583335877],[-16005.609375,11.176742553710938,-4258.68115234375,-0.9144433736801148,-0.06376338750123978,0.39965927600860598,-0.07297719269990921,0.9973025918006897,-0.007861980237066746,-0.39807993173599245,-0.03635534644126892,-0.9166300296783447],[-16009.0791015625,11.44247055053711,-4245.9921875,-0.9247691035270691,-0.06931372731924057,0.3741627037525177,-0.07857363671064377,0.9968627691268921,-0.00953113753348589,-0.3723282217979431,-0.03821342810988426,-0.9273141026496887],[-16011.89453125,11.51364803314209,-4234.58544921875,-0.9334283471107483,-0.07544359564781189,0.35074177384376528,-0.08362709730863571,0.9964632391929627,-0.00822011474519968,-0.3488810956478119,-0.03700440376996994,-0.936436116695404],[-16014.8388671875,11.518535614013672,-4221.76025390625,-0.942743718624115,-0.07501274347305298,0.32497280836105349,-0.08143755048513413,0.9966592192649841,-0.006193129811435938,-0.3234225809574127,-0.032303523272275928,-0.9457030892372131],[-16016.990234375,11.66330337524414,-4210.6865234375,-0.9507091045379639,-0.07064417749643326,0.3019297420978546,-0.0765322893857956,0.9970373511314392,-0.00770